153602.64